-2.125731e-02
-4.044199e-02
-5.770562e-02
-7.318990e-02
-8.702729e-02
-9.934157e-02
-1.102484e-01
-1.198556e-01
-1.282641e-01
-1.355680e-01
-1.418548e-01
-1.472065e-01
-1.516992e-01
-1.554040e-01
-1.583871e-01
-1.607100e-01
-1.624300e-01
-1.636003e-01
-1.642705e-01
-1.644865e-01
-1.642910e-01
-1.637237e-01
-1.628212e-01
-1.616176e-01
-1.601444e-01
-1.584307e-01
-1.565035e-01
-1.543877e-01
-1.521062e-01
-1.496803e-01
-1.471294e-01
-1.444714e-01
-1.417230e-01
-1.388991e-01
-1.360138e-01
-1.330797e-01
-1.301084e-01
-1.271105e-01
-1.240957e-01
-1.210728e-01
-1.180496e-01
-1.150335e-01
-1.120309e-01
-1.090477e-01
-1.060890e-01
-1.031597e-01
-1.002639e-01
-9.740521e-02
-9.458698e-02
-9.181203e-02
-8.908284e-02
-8.640155e-02
-8.376998e-02
-8.118964e-02
-7.866179e-02
-7.618746e-02
-7.376743e-02
-7.140228e-02
-6.909242e-02
-6.683808e-02
-6.463933e-02
-6.249612e-02
-6.040824e-02
-5.837541e-02
-5.639721e-02
-5.447316e-02
-5.260266e-02
-5.078508e-02
-4.901970e-02
-4.730575e-02
-4.564240e-02
-4.402881e-02
-4.246407e-02
-4.094726e-02
-3.947741e-02
-3.805356e-02
-3.667472e-02
-3.533987e-02
-3.404801e-02
-3.279812e-02
-3.158918e-02
-3.042016e-02
-2.929004e-02
-2.819782e-02
-2.714248e-02
-2.612302e-02
-2.513845e-02
-2.418779e-02
-2.327008e-02
-2.238436e-02
-2.152969e-02
-2.070516e-02
-1.990985e-02
-1.914288e-02
-1.840337e-02
-1.769046e-02
-1.700333e-02
-1.634115e-02
-1.570313e-02
-1.508847e-02
-1.449643e-02
-1.392625e-02
-1.337721e-02
-1.284860e-02
-1.233974e-02
-1.184996e-02
-1.137861e-02
-1.092505e-02
-1.048867e-02
-1.006888e-02
-9.665085e-03
-9.276733e-03
-8.903275e-03
-8.544182e-03
-8.198942e-03
-7.867056e-03
-7.548045e-03
-7.241440e-03
-6.946790e-03
-6.663659e-03
-6.391624e-03
-6.130275e-03
-5.879218e-03
-5.638070e-03
-5.406461e-03
-5.184035e-03
-4.970447e-03
-4.765363e-03
-4.568462e-03
-4.379434e-03
-4.197979e-03
-4.023808e-03
-3.856641e-03
-3.696211e-03
-3.542256e-03
-3.394528e-03
-3.252786e-03
-3.116795e-03
-2.986333e-03
-2.861184e-03
-2.741140e-03
-2.626000e-03
-2.515572e-03
-2.409670e-03
-2.308115e-03
-2.210734e-03
-2.117363e-03
-2.027842e-03
-1.942016e-03
-1.859740e-03
-1.780870e-03
-1.705270e-03
-1.632809e-03
-1.563360e-03
-1.496801e-03
-1.433017e-03
-1.371895e-03
-1.313326e-03
-1.257207e-03
-1.203439e-03
-1.151925e-03
-1.102574e-03
-1.055297e-03
-1.010009e-03
-9.666285e-04
-9.250773e-04
-8.852802e-04
-8.471647e-04
-8.106616e-04
-7.757042e-04
-7.422285e-04
-7.101732e-04
-6.794793e-04
-6.500903e-04
-6.219519e-04
-5.950120e-04
-5.692207e-04
-5.445299e-04
-5.208936e-04
-4.982678e-04
-4.766101e-04
-4.558798e-04
-4.360380e-04
-4.170474e-04
-3.988721e-04
-3.814777e-04
-3.648313e-04
-3.489014e-04
-3.336576e-04
-3.190708e-04
-3.051133e-04
-2.917584e-04
-2.789804e-04
-2.667549e-04
-2.550584e-04
-2.438683e-04
-2.331631e-04
-2.229221e-04
-2.131255e-04
-2.037542e-04
-1.947901e-04
-1.862158e-04
-1.780146e-04
-1.701704e-04
-1.626680e-04
-1.554926e-04
-1.486302e-04
-1.420674e-04
-1.357912e-04
-1.297893e-04
-1.240499e-04
-1.185617e-04
-1.133137e-04
-1.082956e-04
-1.034975e-04
-9.890981e-05
-9.452348e-05
-9.032974e-05
-8.632025e-05
-8.248701e-05
-7.882237e-05
-7.531899e-05
-7.196987e-05
-6.876828e-05
-6.570781e-05
-6.278230e-05
-5.998587e-05
-5.731288e-05
-5.475795e-05
-5.231592e-05
-4.998185e-05
-4.775102e-05
-4.561891e-05
-4.358119e-05
-4.163374e-05
-3.977259e-05
-3.799396e-05
-3.629422e-05
-3.466991e-05
-3.311772e-05
-3.163447e-05
-3.021713e-05
-2.886279e-05
-2.756870e-05
-2.633218e-05
-2.515070e-05
-2.402184e-05
-2.294327e-05
-2.191277e-05
-2.092822e-05
-1.998759e-05
-1.908892e-05
-1.823038e-05
-1.741018e-05
-1.662662e-05
-1.587809e-05
-1.516302e-05
-1.447993e-05
-1.382741e-05
-1.320410e-05
-1.260870e-05
-1.203997e-05
-1.149672e-05
-1.097783e-05
-1.048221e-05
-1.000882e-05
-9.556676e-06
-9.124829e-06
-8.712374e-06
-8.318448e-06
-7.942225e-06
-7.582913e-06
-7.239760e-06
-6.912042e-06
-6.599071e-06
-6.300188e-06
-6.014763e-06
-5.742194e-06
-5.481906e-06
-5.233349e-06
-4.995999e-06
-4.769353e-06
-4.552931e-06
-4.346276e-06
-4.148949e-06
-3.960533e-06
-3.780627e-06
-3.608849e-06
-3.444835e-06
-3.288235e-06
-3.138717e-06
-2.995962e-06
-2.859667e-06
-2.729540e-06
-2.605304e-06
-2.486694e-06
-2.373458e-06
-2.265352e-06
-2.162145e-06
-2.063618e-06
-1.969558e-06
-1.879765e-06
-1.794046e-06
-1.712217e-06
-1.634103e-06
-1.559536e-06
-1.488355e-06
-1.420408e-06
-1.355549e-06
-1.293638e-06
-1.234542e-06
-1.178133e-06
-1.124290e-06
-1.072897e-06
-1.023843e-06
-9.770214e-07
-9.323319e-07
-8.896778e-07
-8.489666e-07
-8.101104e-07
-7.730251e-07
-7.376303e-07
-7.038493e-07
-6.716090e-07
-6.408393e-07
-6.114736e-07
-5.834480e-07
-5.567018e-07
-5.311766e-07
-5.068172e-07
-4.835704e-07
-4.613857e-07
-4.402147e-07
-4.200114e-07
-4.007317e-07
-3.823337e-07
-3.647770e-07
-3.480235e-07
-3.320366e-07
-3.167812e-07
-3.022242e-07
-2.883336e-07
-2.750791e-07
-2.624316e-07
-2.503636e-07
-2.388485e-07
-2.278611e-07
-2.173773e-07
-2.073742e-07
-1.978298e-07
-1.887231e-07
-1.800342e-07
-1.717439e-07
-1.638340e-07
-1.562873e-07
-1.490869e-07
-1.422172e-07
-1.356629e-07
-1.294097e-07
-1.234438e-07
-1.177520e-07
-1.123218e-07
-1.071412e-07
-1.021987e-07
-9.748352e-08
-9.298518e-08
-8.869376e-08
-8.459976e-08
-8.069414e-08
-7.696826e-08
-7.341387e-08
-7.002313e-08
-6.678850e-08
-6.370284e-08
-6.075930e-08
-5.795136e-08
-5.527280e-08
-5.271767e-08
-5.028031e-08
-4.795530e-08
-4.573749e-08
-4.362195e-08
-4.160397e-08
-3.967907e-08
-3.784298e-08
-3.609161e-08
-3.442106e-08
-3.282761e-08
-3.130772e-08
-2.985801e-08
-2.847523e-08
-2.715632e-08
-2.589833e-08
-2.469845e-08
-2.355401e-08
-2.246246e-08
-2.142135e-08
-2.042837e-08
-1.948130e-08
-1.857802e-08
-1.771650e-08
-1.689484e-08
-1.611118e-08
-1.536378e-08
-1.465096e-08
-1.397112e-08
-1.332275e-08
-1.270440e-08
-1.211467e-08
-1.155224e-08
-1.101587e-08
-1.050433e-08
-1.001649e-08
-9.551249e-09
-9.107564e-09
-8.684440e-09
-8.280925e-09
-7.896114e-09
-7.529142e-09
-7.179184e-09
-6.845453e-09
-6.527200e-09
-6.223707e-09
-5.934293e-09
-5.658305e-09
-5.395123e-09
-5.144154e-09
-4.904832e-09
-4.676619e-09
-4.459001e-09
-4.251485e-09
-4.053605e-09
-3.864915e-09
-3.684988e-09
-3.513419e-09
-3.349820e-09
-3.193823e-09
-3.045073e-09
-2.903237e-09
-2.767993e-09
-2.639035e-09
-2.516073e-09
-2.398827e-09
-2.287034e-09
-2.180439e-09
-2.078802e-09
-1.981892e-09
-1.889491e-09
-1.801389e-09
-1.717386e-09
-1.637293e-09
-1.560927e-09
-1.488115e-09
-1.418693e-09
-1.352503e-09
-1.289395e-09
-1.229226e-09
-1.171859e-09
-1.117164e-09
-1.065016e-09
-1.015298e-09
-9.678962e-10
-9.227032e-10
-8.796163e-10
-8.385375e-10
-7.993733e-10
-7.620348e-10
-7.264371e-10
-6.924991e-10
-6.601437e-10
-6.292971e-10
-5.998892e-10
-5.718530e-10
-5.451247e-10
-5.196433e-10
-4.953508e-10
-4.721919e-10
-4.501137e-10
-4.290658e-10
-4.090004e-10
-3.898717e-10
-3.716360e-10
-3.542518e-10
-3.376794e-10
-3.218809e-10
-3.068203e-10
-2.924632e-10
-2.787767e-10
-2.657296e-10
-2.532920e-10
-2.414356e-10
-2.301331e-10
-2.193588e-10
-2.090880e-10
-1.992974e-10
-1.899644e-10
-1.810678e-10
-1.725872e-10
-1.645031e-10
-1.567970e-10
-1.494514e-10
-1.424494e-10
-1.357749e-10
-1.294126e-10
-1.233480e-10
-1.175672e-10
-1.120568e-10
-1.068043e-10
-1.017976e-10
-9.702522e-11
-9.247625e-11
-8.814019e-11
-8.400712e-11
-8.006758e-11
-7.631252e-11
-7.273324e-11
-6.932160e-11
-6.606976e-11
-6.297021e-11
-6.001585e-11
-5.719993e-11
-5.451594e-11
-5.195767e-11
-4.951926e-11
-4.719512e-11
-4.497988e-11
-4.286850e-11
-4.085609e-11
-3.893805e-11
-3.710992e-11
-3.536756e-11
-3.370686e-11
-3.212405e-11
-3.061547e-11
-2.917762e-11
-2.780714e-11
-2.650093e-11
-2.525597e-11
-2.406936e-11
-2.293840e-11
-2.186053e-11
-2.083320e-11
-1.985405e-11
-1.892088e-11
-1.803153e-11
-1.718397e-11
-1.637624e-11
-1.560645e-11
-1.487281e-11
-1.417362e-11
-1.350724e-11
-1.287213e-11
-1.226685e-11
-1.168998e-11
-1.114016e-11
-1.061612e-11
-1.011670e-11
-9.640763e-12
-9.187189e-12
-8.754960e-12
-8.343082e-12
-7.950560e-12
-7.576453e-12
-7.219943e-12
-6.880178e-12
-6.556339e-12
-6.247727e-12
-5.953621e-12
-5.673311e-12
-5.406169e-12
-5.151605e-12
-4.909018e-12
-4.677826e-12
-4.457492e-12
-4.247542e-12
-4.047436e-12
-3.856753e-12
-3.675042e-12
-3.501903e-12
-3.336907e-12
-3.179694e-12
-3.029865e-12
-2.887042e-12
-2.750940e-12
-2.621261e-12
-2.497664e-12
-2.379896e-12
-2.267705e-12
-2.160756e-12
-2.058873e-12
-1.961808e-12
-1.869331e-12
-1.781215e-12
-1.697281e-12
-1.617254e-12
-1.541001e-12
-1.468327e-12
-1.399052e-12
-1.333017e-12
-1.270076e-12
-1.210096e-12
-1.152920e-12
-1.098394e-12
-1.046430e-12
-9.969048e-13
-9.497096e-13
-9.047358e-13
-8.619104e-13
-8.210710e-13
-7.821769e-13
-7.451158e-13
-7.098233e-13
-6.762114e-13
-6.441961e-13
-6.136776e-13
-5.845770e-13
-5.568315e-13
-5.304048e-13
-5.052208e-13
-4.812477e-13
-4.584202e-13
-4.366832e-13
-4.159478e-13
-3.962197e-13
-3.773840e-13
-3.594203e-13
-3.423091e-13
-3.259978e-13
-3.104011e-13
-2.955395e-13
-2.813868e-13
-2.679039e-13
-2.550799e-13
-2.428635e-13
-2.312016e-13
-2.201157e-13
-2.095502e-13
-1.994942e-13
-1.899316e-13
-1.808260e-13
-1.721261e-13
-1.638413e-13
-1.559362e-13
-1.484564e-13
-1.413081e-13
-1.345134e-13
-1.279970e-13
-1.217693e-13
-1.158196e-13
-1.101610e-13
-1.047836e-13
-9.968731e-14
-9.484830e-14
-9.026960e-14
-8.593172e-14
-8.184380e-14
-7.797361e-14
-7.432394e-14
-7.083201e-14
-6.748533e-14
-6.424532e-14
-6.114274e-14
-5.818733e-14
-5.537086e-14
-5.269801e-14
-5.015618e-14
-4.771939e-14
-4.541085e-14
-4.322291e-14
-4.114188e-14
-3.916906e-14
-3.725698e-14
-3.545458e-14
-3.373572e-14
-3.209502e-14
-3.057138e-14
-2.911639e-14
-2.776435e-14
-2.646757e-14
-2.525189e-14
-2.409850e-14
-2.300515e-14
-2.196725e-14
-2.095375e-14
-1.996497e-14
-1.903327e-14
-1.817096e-14
-1.735981e-14
-1.657214e-14
-1.580052e-14
-1.507886e-14
-1.435601e-14
-1.369465e-14
-1.305310e-14
-1.245387e-14
-1.191410e-14
-1.139395e-14
-1.096011e-14
-1.052331e-14
-1.016613e-14
-9.769466e-15
-9.348834e-15
-8.933335e-15
-8.499023e-15
-8.047517e-15
-7.642040e-15
-7.258885e-15
-6.877504e-15
-6.506423e-15
-6.119631e-15
-5.768949e-15
-5.418893e-15
-5.117576e-15
-4.811959e-15
-4.511822e-15
-4.208489e-15
-3.921150e-15
-3.639773e-15
-3.407913e-15
-3.193180e-15
-2.977526e-15
-2.810894e-15
-2.673207e-15
-2.588566e-15
-2.481976e-15
-2.380028e-15
-2.236632e-15
-2.107122e-15
-1.966925e-15
-1.833386e-15
-1.700234e-15
-1.594826e-15
-1.458070e-15
-1.379986e-15
-1.282793e-15
-1.169341e-15
-1.084671e-15
-9.848463e-16
-9.059329e-16
-8.485231e-16
-7.802666e-16
-7.229270e-16
-6.960811e-16
-6.947014e-16
-6.610437e-16
-6.014677e-16
-5.530407e-16
-5.002991e-16
-4.536719e-16
-4.625148e-16
-4.633683e-16
-4.470431e-16
-4.474949e-16
-4.745384e-16
-5.081236e-16
-5.448957e-16
-6.204494e-16
-6.767688e-16
-7.371142e-16
-7.888884e-16
-8.379671e-16
-8.468135e-16
-8.758980e-16
-8.920341e-16
-8.891666e-16
-8.890434e-16
-8.757735e-16
-8.465157e-16
-8.030707e-16
-7.884522e-16
-7.666214e-16
-7.039696e-16
-6.461910e-16
-6.182492e-16
-5.678791e-16
-5.070466e-16
-4.574419e-16
-3.844080e-16
-2.835530e-16
-1.987569e-16
-1.206122e-16
-5.741557e-17
6.311682e-18
3.549470e-17
5.621749e-17
5.058514e-17
1.219134e-17
-4.587425e-17
-9.978338e-17
-1.504929e-16
-1.971460e-16
-2.205768e-16
-2.315535e-16
-2.311972e-16
-1.751826e-16
-1.193205e-16
-6.995946e-17
-6.504782e-18
4.164009e-17
6.257105e-17
9.641991e-17
1.054564e-16
1.354967e-16
1.541735e-16
1.608681e-16
1.313568e-16
1.119648e-16
8.294915e-17
6.017750e-17
1.940068e-17
-1.845154e-17
-4.222348e-17
-5.605346e-17
-7.494575e-17
-4.445066e-17
-3.708422e-17
-3.967486e-17
-5.407463e-17
-5.741396e-17
-6.941757e-17
-5.786123e-17
-7.235025e-17
-9.615814e-17
-1.186961e-16
-7.721590e-17
-6.677352e-17
-1.440684e-17
4.218404e-17
1.248662e-16
1.560432e-16
2.221157e-16
2.631140e-16
3.206895e-16
3.608628e-16
4.330311e-16
4.719331e-16
5.062505e-16
5.585458e-16
6.355748e-16
7.148383e-16
8.209831e-16
9.117419e-16
1.014970e-15
1.092821e-15
1.176830e-15
1.266167e-15
1.361522e-15
1.410038e-15
1.459042e-15
1.462431e-15
1.501946e-15
1.517277e-15
1.545438e-15
1.558384e-15
1.563702e-15
1.601712e-15
1.659809e-15
1.687320e-15
1.713781e-15
1.723535e-15
1.770858e-15
1.754985e-15
1.722671e-15
1.703621e-15
1.640715e-15
1.576842e-15
1.512687e-15
1.457796e-15
1.415625e-15
1.355815e-15
1.310537e-15
1.253103e-15
1.212525e-15
1.125760e-15
1.072848e-15
1.013877e-15
9.570296e-16
8.812874e-16
7.932345e-16
7.145717e-16
6.655795e-16
6.267217e-16
5.868861e-16
5.535352e-16
5.230414e-16
4.779736e-16
3.969344e-16
3.337565e-16
2.636510e-16
1.680095e-16
9.540809e-17
1.177812e-17
-6.666023e-17
-1.398837e-16
-2.167253e-16
-3.139485e-16
-4.028109e-16
-4.771615e-16
-5.448678e-16
-5.945873e-16
-5.997137e-16
-6.057524e-16
-6.344257e-16
-6.649944e-16
-7.051679e-16
-7.659464e-16
-8.168679e-16
-8.580307e-16
-9.066704e-16
-9.630012e-16
-9.955400e-16
-1.018336e-15
-1.034524e-15
-1.019613e-15
-9.937796e-16
-9.863718e-16
-9.633358e-16
-9.279684e-16
-9.433209e-16
-9.762122e-16
-1.009013e-15
-1.094169e-15
-1.200353e-15
-1.275435e-15
-1.337024e-15
-1.393335e-15
-1.400608e-15
-1.390269e-15
-1.359164e-15
-1.362711e-15
-1.346371e-15
-1.326861e-15
-1.326090e-15
-1.321589e-15
-1.331215e-15
-1.344721e-15
-1.346854e-15
-1.361174e-15
-1.364832e-15
-1.359482e-15
-1.322241e-15
-1.282064e-15
-1.237312e-15
-1.181580e-15
-1.136290e-15
-1.115962e-15
-1.109381e-15
-1.095626e-15
-1.086594e-15
-1.106224e-15
-1.105541e-15
-1.112260e-15
-1.124187e-15
-1.126775e-15
-1.098391e-15
-1.106567e-15
-1.086413e-15
-1.065865e-15
-1.054846e-15
-1.036825e-15
-9.752655e-16
-9.274734e-16
-8.585815e-16
-7.833883e-16
-6.720819e-16
-5.355789e-16
-3.767241e-16
-2.358520e-16
-1.125234e-16
-5.136441e-17
-5.308370e-18
7.037396e-18
1.451283e-17
4.919336e-18
3.641313e-17
6.676612e-17
1.468586e-16
2.373151e-16
3.570140e-16
4.760575e-16
5.939179e-16
6.858107e-16
7.692153e-16
8.221352e-16
8.695085e-16
8.706900e-16
8.690273e-16
8.609472e-16
8.455380e-16
8.239896e-16
8.349121e-16
8.586680e-16
8.772140e-16
8.734253e-16
8.742081e-16
8.909940e-16
9.231815e-16
9.641874e-16
1.005609e-15
1.066687e-15
1.121705e-15
1.175453e-15
1.216221e-15
1.273582e-15
1.310443e-15
1.327764e-15
1.320941e-15
1.342474e-15
1.367844e-15
1.394237e-15
1.436992e-15
1.453281e-15
1.461785e-15
1.435950e-15
1.417914e-15
1.414229e-15
1.390731e-15
1.346985e-15
1.324673e-15
1.320414e-15
1.300496e-15
1.323522e-15
1.385237e-15
1.480057e-15
1.602076e-15
1.751000e-15
1.887637e-15
2.041243e-15
2.154361e-15
2.283942e-15
2.382332e-15
2.511472e-15
2.629534e-15
2.725562e-15
2.805794e-15
2.885459e-15
2.941870e-15
3.007544e-15
3.062132e-15
3.150429e-15
3.194908e-15
3.278428e-15
3.321927e-15
3.351700e-15
3.368174e-15
3.390402e-15
3.404770e-15
3.421465e-15
3.406091e-15
3.406997e-15
3.393238e-15
3.413423e-15
3.381687e-15
3.337840e-15
3.205571e-15
3.109422e-15
2.944151e-15
2.792010e-15
2.598618e-15
2.399630e-15
2.174281e-15
1.966369e-15
1.756043e-15
1.575760e-15
1.422918e-15
1.245586e-15
1.108263e-15
9.610635e-16
8.093737e-16
6.734228e-16
5.335952e-16
4.007153e-16
2.829555e-16
1.239321e-16
-3.370127e-17
-2.040863e-16
-3.940554e-16
-6.044035e-16
-8.300273e-16
-1.094549e-15
-1.380142e-15
-1.641988e-15
-1.838207e-15
-2.014570e-15
-2.147231e-15
-2.215279e-15
-2.256117e-15
-2.303976e-15
-2.330281e-15
-2.355725e-15
-2.337890e-15
-2.379874e-15
-2.404871e-15
-2.449235e-15
-2.492831e-15
-2.550299e-15
-2.608790e-15
-2.656841e-15
-2.667827e-15
-2.706737e-15
-2.728679e-15
-2.758239e-15
-2.741843e-15
-2.778373e-15
-2.793451e-15
-2.794522e-15
-2.776305e-15
-2.773622e-15
-2.758429e-15
-2.720286e-15
-2.687041e-15
-2.669409e-15
-2.681561e-15
-2.688745e-15
-2.696769e-15
-2.729768e-15
-2.710926e-15
-2.721724e-15
-2.727832e-15
-2.729735e-15
-2.766123e-15
-2.807774e-15
-2.819595e-15
-2.837653e-15
-2.872181e-15
-2.881008e-15
-2.821921e-15
-2.807518e-15
-2.757895e-15
-2.663709e-15
-2.556092e-15
-2.414790e-15
-2.263953e-15
-2.109070e-15
-1.919817e-15
-1.762950e-15
-1.560437e-15
-1.369013e-15
-1.169498e-15
-9.495025e-16
-7.556044e-16
-5.861382e-16
-4.047322e-16
-2.632604e-16
-1.259409e-16
1.792083e-17
1.807420e-16
3.436099e-16
5.453555e-16
7.679811e-16
1.000781e-15
1.227341e-15
1.460161e-15
1.671461e-15
1.867919e-15
2.009498e-15
2.156819e-15
2.280636e-15
2.416652e-15
2.530586e-15
2.689840e-15
2.865076e-15
3.040435e-15
3.199024e-15
3.353209e-15
3.467027e-15
3.579811e-15
3.650003e-15
3.687923e-15
3.728582e-15
3.792177e-15
3.776089e-15
3.800903e-15
3.789247e-15
3.812740e-15
3.787794e-15
3.759538e-15
3.713736e-15
3.683864e-15
3.627631e-15
3.577466e-15
3.532891e-15
3.461374e-15
3.348761e-15
3.244446e-15
3.110145e-15
2.955668e-15
2.770438e-15
2.536179e-15
2.337584e-15
2.173790e-15
2.009895e-15
1.880639e-15
1.826007e-15
1.757457e-15
1.710447e-15
1.678528e-15
1.637596e-15
1.630085e-15
1.594124e-15
1.530188e-15
1.438768e-15
1.354661e-15
1.281044e-15
1.188027e-15
1.094248e-15
1.012684e-15
8.961885e-16
7.244046e-16
5.606153e-16
4.159277e-16
2.792781e-16
1.715591e-16
1.142427e-16
7.306480e-17
3.270116e-17
1.764755e-17
-1.416291e-17
-6.731643e-17
-1.450813e-16
-2.594320e-16
-4.367126e-16
-6.269955e-16
-8.076084e-16
-9.860982e-16
-1.155429e-15
-1.316268e-15
-1.463082e-15
-1.607212e-15
-1.713174e-15
-1.788105e-15
-1.890209e-15
-1.935140e-15
-1.958978e-15
-1.998610e-15
-2.018976e-15
-2.047874e-15
-2.067870e-15
-2.099108e-15
-2.155032e-15
-2.221299e-15
-2.306945e-15
-2.391006e-15
-2.468967e-15
-2.519153e-15
-2.541071e-15
-2.516804e-15
-2.471539e-15
-2.445459e-15
-2.396067e-15
-2.351984e-15
-2.323231e-15
-2.325684e-15
-2.332022e-15
-2.346035e-15
-2.350105e-15
-2.311452e-15
-2.287416e-15
-2.231713e-15
-2.159173e-15
-2.044267e-15
-1.940987e-15
-1.840931e-15
-1.716394e-15
-1.585432e-15
-1.460293e-15
-1.318805e-15
-1.189503e-15
-1.059801e-15
-9.253985e-16
-7.856202e-16
-6.700907e-16
-5.483689e-16
-4.162784e-16
-2.952984e-16
-1.746022e-16
-4.718014e-17
8.501056e-17
1.906059e-16
2.922949e-16
3.867644e-16
4.364010e-16
4.643042e-16
4.686195e-16
4.380771e-16
3.900899e-16
3.471277e-16
2.885701e-16
2.416307e-16
2.036177e-16
2.096859e-16
2.038564e-16
2.318977e-16
2.683514e-16
2.717300e-16
2.330082e-16
2.141850e-16
1.524462e-16
8.541410e-17
2.930971e-17
-4.218223e-18
-6.972895e-17
-1.091200e-16
-1.212315e-16
-1.248746e-16
-1.359223e-16
-1.290599e-16
-1.387770e-16
-1.369783e-16
-1.495643e-16
-1.277812e-16
-1.346977e-16
-1.290090e-16
-1.304861e-16
-1.590458e-16
-2.342072e-16
-2.998348e-16
-3.969628e-16
-4.806596e-16
-5.491815e-16
-5.866153e-16
-6.342426e-16
-6.212720e-16
-5.695494e-16
-5.044438e-16
-4.279688e-16
-3.195418e-16
-2.194978e-16
-1.381855e-16
-6.629192e-17
1.128200e-17
3.068818e-17
8.018127e-17
9.088035e-17
1.070810e-16
1.401999e-16
1.928550e-16
2.216056e-16
2.509838e-16
3.164009e-16
4.105579e-16
4.884734e-16
6.030302e-16
7.034527e-16
8.131591e-16
8.760805e-16
9.321800e-16
9.438557e-16
9.482327e-16
9.220243e-16
8.766870e-16
8.193343e-16
8.024296e-16
7.515256e-16
6.875802e-16
6.604353e-16
6.681699e-16
6.259185e-16
6.174712e-16
5.858531e-16
5.228283e-16
4.374165e-16
3.394376e-16
2.205137e-16
1.037764e-16
8.142863e-18
-6.983403e-17
-1.520665e-16
-1.888658e-16
-2.136159e-16
-2.276538e-16
-2.307489e-16
-2.207986e-16
-2.294113e-16
-2.811465e-16
-3.404217e-16
-4.237665e-16
-5.236663e-16
-6.111327e-16
-7.213580e-16
-8.369496e-16
-9.624854e-16
-1.053711e-15
-1.118170e-15
-1.152430e-15
-1.174777e-15
-1.172862e-15
-1.196937e-15
-1.190294e-15
-1.211836e-15
-1.270862e-15
-1.322697e-15
-1.374930e-15
-1.422062e-15
-1.470690e-15
-1.489593e-15
-1.500322e-15
-1.484380e-15
-1.427750e-15
-1.354975e-15
-1.295733e-15
-1.247659e-15
-1.207445e-15
-1.179314e-15
-1.119987e-15
-1.098219e-15
-1.064008e-15
-1.049728e-15
-1.031909e-15
-9.972297e-16
-9.718961e-16
-9.451530e-16
-9.121948e-16
-8.383749e-16
-7.994481e-16
-7.278035e-16
-6.570274e-16
-5.764332e-16
-5.190448e-16
-4.425962e-16
-3.680209e-16
-3.206553e-16
-2.870228e-16
-2.716942e-16
-2.558897e-16
-2.462715e-16
-2.459285e-16
-2.444363e-16
-2.471578e-16
-2.333174e-16
-2.094851e-16
-1.702915e-16
-1.214833e-16
-4.669315e-17
6.446279e-17
1.756982e-16
3.136156e-16
4.507271e-16
5.828486e-16
7.317255e-16
8.884199e-16
1.056110e-15
1.159669e-15
1.249052e-15
1.316235e-15
1.374764e-15
1.381398e-15
1.404581e-15
1.420816e-15
1.448137e-15
1.503045e-15
1.538974e-15
1.577661e-15
1.629244e-15
1.652055e-15
1.688015e-15
1.693987e-15
1.705404e-15
1.722465e-15
1.724268e-15
1.739940e-15
1.730102e-15
1.716810e-15
1.668271e-15
1.622943e-15
1.584896e-15
1.527854e-15
1.469618e-15
1.362680e-15
1.274284e-15
1.155110e-15
1.020369e-15
8.763634e-16
7.593709e-16
6.269336e-16
5.056986e-16
3.919444e-16
3.006596e-16
2.255631e-16
1.471682e-16
8.547397e-17
1.029908e-17
-5.824287e-17
-1.776051e-16
-3.178687e-16
-4.531136e-16
-6.362155e-16
-8.040352e-16
-9.778702e-16
-1.145649e-15
-1.274299e-15
-1.394668e-15
-1.472429e-15
-1.526048e-15
-1.569407e-15
-1.602192e-15
-1.628486e-15
-1.643899e-15
-1.626291e-15
-1.639579e-15
-1.630977e-15
-1.597070e-15
-1.544110e-15
-1.434834e-15
-1.325008e-15
-1.198052e-15
-1.062169e-15
-9.391013e-16
-8.151961e-16
-7.153662e-16
-6.403542e-16
-5.824241e-16
-5.521807e-16
-5.272720e-16
-4.993294e-16
-4.696923e-16
-4.260383e-16
-3.650549e-16
-2.725138e-16
-1.781671e-16
-6.236225e-17
6.862991e-17
2.161798e-16
3.414302e-16
4.938728e-16
6.540448e-16
7.903571e-16
9.050400e-16
9.916059e-16
1.053606e-15
1.087316e-15
1.087049e-15
1.107767e-15
1.099974e-15
1.078701e-15
1.070334e-15
1.058617e-15
1.022385e-15
1.026677e-15
1.002222e-15
9.694021e-16
9.695970e-16
9.535505e-16
9.446852e-16
9.361943e-16
9.418350e-16
9.672222e-16
9.684069e-16
9.482388e-16
9.488754e-16
9.307566e-16
8.814801e-16
8.422514e-16
7.859521e-16
7.274998e-16
6.417157e-16
5.584012e-16
4.484654e-16
3.434518e-16
2.171266e-16
1.063702e-16
-2.582688e-17
-1.201794e-16
-1.927360e-16
-2.657477e-16
-3.421894e-16
-3.844661e-16
-4.485567e-16
-4.662132e-16
-4.851590e-16
-5.219273e-16
-5.711539e-16
-6.228866e-16
-7.102366e-16
-7.756683e-16
-8.697495e-16
-9.425895e-16
-1.048852e-15
-1.130607e-15
-1.240358e-15
-1.266548e-15
-1.363184e-15
-1.385136e-15
-1.444655e-15
-1.478709e-15
-1.512758e-15
-1.507132e-15
-1.521699e-15
-1.492110e-15
-1.460008e-15
-1.447411e-15
-1.465173e-15
-1.488336e-15
-1.512005e-15
-1.553752e-15
-1.558480e-15
-1.569566e-15
-1.572415e-15
-1.535289e-15
-1.507991e-15
-1.491061e-15
-1.492535e-15
-1.473065e-15
-1.504236e-15
-1.517246e-15
-1.514465e-15
-1.493535e-15
-1.455447e-15
-1.376876e-15
-1.275239e-15
-1.154960e-15
-1.038088e-15
-9.184493e-16
-8.150624e-16
-7.211109e-16
-6.440846e-16
-5.653650e-16
-5.420532e-16
-5.050007e-16
-4.660280e-16
-4.258712e-16
-3.858672e-16
-3.086986e-16
-2.145931e-16
-1.544016e-16
-8.153403e-17
-5.518533e-18
6.739163e-17
1.793807e-16
2.957045e-16
4.374530e-16
5.795192e-16
7.443615e-16
8.721653e-16
9.668935e-16
1.057241e-15
1.134831e-15
1.191065e-15
1.226149e-15
1.269587e-15
1.303552e-15
1.342142e-15
1.370649e-15
1.405994e-15
1.422763e-15
1.385759e-15
1.375750e-15
1.377576e-15
1.375912e-15
1.376987e-15
1.382095e-15
1.407869e-15
1.432298e-15
1.439542e-15
1.436945e-15
1.449640e-15
1.454809e-15
1.417053e-15
1.381830e-15
1.326419e-15
1.282878e-15
1.237599e-15
1.172168e-15
1.113169e-15
1.066985e-15
1.013940e-15
9.854382e-16
9.664116e-16
9.832360e-16
9.706197e-16
9.642461e-16
9.807005e-16
1.017153e-15
1.036436e-15
1.095133e-15
1.143032e-15
1.162945e-15
1.132165e-15
1.098385e-15
1.032465e-15
9.745233e-16
8.798367e-16
7.922045e-16
7.027687e-16
6.259666e-16
5.207877e-16
4.567971e-16
4.250771e-16
3.960170e-16
3.383813e-16
2.864807e-16
2.624648e-16
2.673375e-16
2.478368e-16
2.440157e-16
2.177232e-16
1.868796e-16
1.224058e-16
6.912970e-17
5.540849e-18
-7.186205e-17
-1.725870e-16
-2.718409e-16
-3.748072e-16
-4.272355e-16
-4.754926e-16
-5.121828e-16
-5.308954e-16
-5.384484e-16
-6.119165e-16
-6.855115e-16
-7.589107e-16
-8.254134e-16
-9.115869e-16
-9.964749e-16
-1.086796e-15
-1.171697e-15
-1.244351e-15
-1.291671e-15
-1.343961e-15
-1.365584e-15
-1.418927e-15
-1.466073e-15
-1.524556e-15
-1.566667e-15
-1.598201e-15
-1.603346e-15
-1.581871e-15
-1.559112e-15
-1.548211e-15
-1.526700e-15
-1.493249e-15
-1.452898e-15
-1.418939e-15
-1.370752e-15
-1.333173e-15
-1.288019e-15
-1.242685e-15
-1.173641e-15
-1.097811e-15
-1.016880e-15
-9.396407e-16
-8.430856e-16
-7.533700e-16
-6.682400e-16
-5.668747e-16
-4.828713e-16
-3.941864e-16
-3.386221e-16
-2.718188e-16
-2.274766e-16
-1.447644e-16
-9.403468e-17
-1.883360e-17
8.686106e-17
1.846548e-16
3.006179e-16
4.490685e-16
5.720502e-16
7.007966e-16
7.997997e-16
9.082131e-16
9.899274e-16
1.083095e-15
1.139687e-15
1.227076e-15
1.311411e-15
1.389462e-15
1.429832e-15
1.430242e-15
1.392025e-15
1.358462e-15
1.312869e-15
1.263638e-15
1.208192e-15
1.173003e-15
1.128901e-15
1.130346e-15
1.117892e-15
1.145731e-15
1.149607e-15
1.165102e-15
1.136621e-15
1.118167e-15
1.055645e-15
1.013697e-15
9.383982e-16
8.986046e-16
8.587508e-16
7.726564e-16
6.733581e-16
5.951124e-16
5.031429e-16
4.522360e-16
3.801067e-16
3.386349e-16
2.647407e-16
2.450952e-16
2.279887e-16
2.172672e-16
2.253381e-16
2.307876e-16
2.087244e-16
1.843204e-16
1.557435e-16
1.219533e-16
8.650316e-17
5.384781e-17
-9.236767e-19
-8.915889e-17
-1.922401e-16
-2.515041e-16
-3.193565e-16
-3.604530e-16
-3.985244e-16
-4.553571e-16
-5.104459e-16
-5.177307e-16
-5.120004e-16
-5.005092e-16
-4.963074e-16
-5.059554e-16
-5.365478e-16
-5.558490e-16
-5.961302e-16
-6.524964e-16
-7.222252e-16
-7.899954e-16
-8.772366e-16
-9.606243e-16
-1.009910e-15
-1.048791e-15
-1.081671e-15
-1.091525e-15
-1.082883e-15
-1.075500e-15
-1.078001e-15
-1.080925e-15
-1.060233e-15
-1.061816e-15
-1.031581e-15
-1.019033e-15
-9.907868e-16
-9.453802e-16
-8.931802e-16
-8.675833e-16
-8.286690e-16
-7.769779e-16
-7.170960e-16
-6.738031e-16
-6.009953e-16
-5.616749e-16
-5.444404e-16
-5.279480e-16
-5.058849e-16
-5.136902e-16
-4.942489e-16
-4.926567e-16
-4.768947e-16
-4.513448e-16
-4.055610e-16
-3.899135e-16
-3.407502e-16
-2.823572e-16
-2.243421e-16
-2.166909e-16
-1.752248e-16
-1.301661e-16
-8.605062e-17
-4.216839e-17
1.909753e-17
5.754525e-17
1.181468e-16
2.015440e-16
2.917490e-16
3.621370e-16
4.418298e-16
4.859175e-16
5.019203e-16
5.457836e-16
5.941913e-16
6.139033e-16
6.475948e-16
6.666134e-16
6.559425e-16
6.241842e-16
6.229516e-16
6.119696e-16
6.122341e-16
6.179736e-16
6.624406e-16
6.964405e-16
7.605888e-16
8.204278e-16
8.811392e-16
8.874613e-16
8.910728e-16
8.728587e-16
8.581201e-16
8.387848e-16
8.282636e-16
7.724183e-16
7.556973e-16
7.132012e-16
6.861098e-16
6.474311e-16
6.520412e-16
6.448568e-16
6.711058e-16
7.294345e-16
7.997608e-16
8.450991e-16
9.234025e-16
9.575610e-16
9.700257e-16
9.418456e-16
8.793065e-16
7.753975e-16
6.694960e-16
5.385385e-16
4.100868e-16
2.960521e-16
2.175468e-16
1.953557e-16
1.989662e-16
2.346430e-16
2.768773e-16
3.215983e-16
3.719590e-16
4.140671e-16
4.279576e-16
3.867728e-16
3.348001e-16
2.526427e-16
1.580067e-16
6.624523e-17
-3.506794e-17
-1.293560e-16
-2.095016e-16
-2.961198e-16
-3.362438e-16
-3.598757e-16
-3.559450e-16
-3.411585e-16
-3.370016e-16
-3.318489e-16
-3.449100e-16
-3.756757e-16
-3.982179e-16
-4.512484e-16
-4.747227e-16
-5.196892e-16
-5.697397e-16
-5.900224e-16
-5.868053e-16
-5.802224e-16
-5.665824e-16
-5.680926e-16
-5.820794e-16
-6.010201e-16
-5.977657e-16
-6.033027e-16
-6.177701e-16
-6.229310e-16
-6.204978e-16
-6.115182e-16
-5.794434e-16
-5.458572e-16
-5.153816e-16
-5.061769e-16
-5.114670e-16
-5.325121e-16
-5.391131e-16
-5.504079e-16
-5.709351e-16
-5.691743e-16
-5.521575e-16
-5.205748e-16
-4.794438e-16
-4.232060e-16
-3.714652e-16
-3.356479e-16
-3.117506e-16
-3.069480e-16
-2.991180e-16
-2.966843e-16
-2.985331e-16
-2.911687e-16
-2.576574e-16
-2.219411e-16
-1.874673e-16
-1.447044e-16
-8.894894e-17
-5.097972e-17
-1.412035e-17
4.662032e-18
1.396668e-17
2.228461e-17
2.199170e-17
1.644928e-17
